time,temp,humi,pres
2021-07-30 08:23:53.063701,14.945146297619926,89.29707076315857,919.4781907826888
2021-07-30 08:24:53.133101,14.661641541897893,91.43440615652825,919.4770801902306
2021-07-30 08:25:53.213092,14.585529033936272,92.00808533990788,919.4965251495057
2021-07-30 08:26:53.293121,14.787621528568398,92.40886629131853,919.4983019846429
2021-07-30 08:27:53.369373,14.688909834913215,91.60248049082489,919.5126463752936
2021-07-30 08:28:53.433117,15.924545700035406,87.51987986880978,919.472256295762
2021-07-30 08:29:53.508387,14.927791421299093,89.58280872135443,919.5028871527586
2021-07-30 08:30:53.573109,15.744130543592133,86.86934722528672,919.549974383606
2021-07-30 08:31:53.647842,15.912963625481142,86.42581301994537,919.5848573049329
2021-07-30 08:32:53.710219,16.44125011983104,84.11795857043857,919.5764197056285
2021-07-30 08:33:53.783094,14.372500834958759,91.02564323660575,919.5678216731336
2021-07-30 08:34:53.865847,16.66110522168836,83.95847251554349,919.5275659634297
2021-07-30 08:35:53.933097,17.030785274093187,83.46864210757558,919.5248272197175
2021-07-30 08:36:54.013112,15.357846157285135,88.37568727696569,919.5255594133772
2021-07-30 08:37:54.093090,16.35972745767349,86.11182725018972,919.5249354981648
2021-07-30 08:38:54.173111,16.893491306204098,85.11455547714465,919.5168485344755
2021-07-30 08:39:54.249151,17.221785875821595,84.58801674529964,919.5261193574484
2021-07-30 08:40:54.313162,15.285304272723282,91.03271629628952,919.5612424952666
2021-07-30 08:41:54.388272,15.116357904943037,92.14444617057234,919.5504844151639
2021-07-30 08:42:54.453094,16.132250549067706,87.7776206341777,919.5184818322465
2021-07-30 08:43:54.533095,15.74504473132911,88.39795870185215,919.5063533965963
2021-07-30 08:44:54.608161,16.359159395397157,86.19928796073131,919.5204793738658
2021-07-30 08:45:54.673107,14.841520228455472,91.81207090663688,919.5050523537275
2021-07-30 08:46:54.748473,16.823003441438594,85.80570763089916,919.4931314329618
2021-07-30 08:47:54.813105,17.553060263915697,83.13419962172887,919.4825878411075
2021-07-30 08:48:54.888945,17.10369749486206,84.45115182579052,919.5127957132402
2021-07-30 08:49:54.953106,17.78980549382198,82.42406559298132,919.508493287044
2021-07-30 08:50:55.033100,16.181949679895713,87.78316592587453,919.5551217416191
2021-07-30 08:51:55.107838,17.257955135038834,84.03565711556797,919.5613876341525
2021-07-30 08:52:55.168078,15.614819296206075,87.36381433624527,919.5780118525988
2021-07-30 08:53:55.253090,16.606104472418004,85.06926737053958,919.5699759011914
2021-07-30 08:54:55.329240,17.88451155847778,81.86771111615184,919.5551220439945
2021-07-30 08:55:55.393132,17.44930545506671,82.90952976205432,919.5326630324794
2021-07-30 08:56:55.468075,15.947715959651607,86.85111482639502,919.5786899219534
2021-07-30 08:57:55.533112,17.41507300074109,82.96043548904268,919.5680805576341
2021-07-30 08:58:55.603596,18.896737447986705,78.93389544106546,919.5519616214904
2021-07-30 08:59:55.683071,16.601143936839243,86.7334059288833,919.6141128352356
2021-07-30 09:00:55.763092,15.475026460301049,91.52617546129902,919.6429075046954
2021-07-30 09:01:55.839697,15.06690815405678,93.92015773895204,919.635021921227
2021-07-30 09:02:55.897861,14.910897346637784,94.50176765378346,919.6087884735839
2021-07-30 09:03:55.963109,14.424085981282177,96.34375202292485,919.6305878384889
2021-07-30 09:04:56.043111,14.98991312443833,94.22098943274445,919.6446479822158
2021-07-30 09:05:56.123637,15.221826001371898,93.61066657046274,919.6110283449337
2021-07-30 09:06:56.193088,14.551516276254553,96.71309885126065,919.6066746315915
2021-07-30 09:07:56.273098,14.85995935587001,95.76993618922339,919.586825523871
2021-07-30 09:08:56.347835,16.047439175492414,91.60903040875354,919.5550091800201
2021-07-30 09:09:56.413097,15.886739928859576,91.26958756566624,919.567904603427
2021-07-30 09:10:56.497825,15.890367428495633,89.19516842776133,919.5480886001434
2021-07-30 09:11:56.573109,16.569048750776243,86.38673258165628,919.5195310259926
2021-07-30 09:12:56.653129,15.538238809814448,88.47921450284558,919.5113165163453
2021-07-30 09:13:56.719449,15.45188398091251,88.68467681694656,919.4848399369263
2021-07-30 09:14:56.793150,15.860813876158716,89.05241888421064,919.5025395995503
2021-07-30 09:15:56.873899,16.614620044323644,85.66699064907709,919.4722143229587
2021-07-30 09:16:56.943128,16.218972851532122,87.34890338078458,919.4483089286176
2021-07-30 09:17:57.023110,16.768945639162244,85.92304636825185,919.417866785771
2021-07-30 09:18:57.093984,18.134202450108464,81.97399413900246,919.3437279398912
2021-07-30 09:19:57.173093,16.48888926384602,86.01336347683583,919.3818958408295
2021-07-30 09:20:57.253134,16.057345919474724,87.74184594012192,919.4116004862188
2021-07-30 09:21:57.329930,17.3322447233998,84.74707413359778,919.3759513801928
2021-07-30 09:22:57.389084,17.421088719234266,83.8559012510452,919.39743544125
2021-07-30 09:23:57.453134,18.039012081247233,81.79624127510542,919.3634458783774
2021-07-30 09:24:57.533093,17.61338472755478,83.34827349954668,919.3761686952555
2021-07-30 09:25:57.613097,18.441270044646927,80.8482039069346,919.3531043486732
2021-07-30 09:26:57.690590,17.742263770528016,83.29764608255331,919.3498167549598
2021-07-30 09:27:57.747958,18.697951548056206,80.2518234161909,919.3122368809574
2021-07-30 09:28:57.808752,18.905078866784436,80.52882981091413,919.3269076358862
2021-07-30 09:29:57.873087,17.73927722341634,84.43133927461601,919.3020779728785
2021-07-30 09:30:57.950161,17.2140368091791,86.99605688027084,919.2881600142626
2021-07-30 09:31:58.008072,16.92359937757118,88.75161740231924,919.3030884207305
2021-07-30 09:32:58.073094,17.41998841856051,87.4543845073448,919.2651598750625
2021-07-30 09:33:58.153124,16.963009892096558,88.39052053007396,919.2968632541161
2021-07-30 09:34:58.233101,16.73339631594769,88.63598663014086,919.3169280462223
2021-07-30 09:35:58.307970,17.219967129954224,87.67730778050041,919.2890368370877
2021-07-30 09:36:58.373089,17.271649794951504,86.51828801646775,919.2677130602779
2021-07-30 09:37:58.453887,18.842003659337692,82.05838391445133,919.2305211854411
2021-07-30 09:38:58.529646,20.142155195824387,77.19653284678088,919.2472656524197
2021-07-30 09:39:58.593091,19.203709769981867,80.16375730073574,919.2571443182718
2021-07-30 09:40:58.667936,19.476959042419097,79.9076129980991,919.2617383882036
2021-07-30 09:41:58.733129,17.079152104828562,85.59507142341101,919.2337445887474
2021-07-30 09:42:58.811768,16.745463624296438,86.20748907511116,919.2552070652242
2021-07-30 09:43:58.883077,17.61933864539587,83.50256502756429,919.2035874647919
2021-07-30 09:44:58.963131,18.42829087020029,81.76900186130027,919.188532838748
2021-07-30 09:45:59.038797,19.99983889528104,78.15500363477862,919.1796898533887
2021-07-30 09:46:59.103119,20.208929105462264,78.03107238314126,919.1580016486664
2021-07-30 09:47:59.177810,20.926061266817815,75.8566881301629,919.1300099236722
2021-07-30 09:48:59.243097,21.4567947504527,74.00756402373324,919.1442478764536
2021-07-30 09:49:59.318291,19.26915608083379,80.4632335172307,919.124675034881
2021-07-30 09:50:59.383211,19.352684222087035,80.39197489565365,919.0794097208188
2021-07-30 09:51:59.453093,20.475207244246405,77.46463362288482,919.0395088033314
2021-07-30 09:52:59.533667,21.37172214015035,75.61032370594896,919.0103243300977
2021-07-30 09:53:59.603111,19.971806649959003,79.95272377093364,918.9917998616668
2021-07-30 09:54:59.677915,21.959709520417974,73.74541601916603,918.9886881910612
2021-07-30 09:55:59.744450,22.056449120086434,73.64339138871208,919.0030675250516
2021-07-30 09:56:59.813099,21.51402997999854,75.01092926476473,919.0370287959744
2021-07-30 09:57:59.888909,21.926205949211063,72.8597922365241,919.00358080675
2021-07-30 09:58:59.953098,21.936138611699153,72.84859175452299,919.0214326714917
2021-07-30 10:00:00.033083,22.314268016695696,71.40499149968753,919.01835649424
2021-07-30 10:01:00.113093,20.771571178260203,75.50856770762059,919.0348981922446
2021-07-30 10:02:00.187991,20.919086165262488,74.79174348746844,919.0138020642045
2021-07-30 10:03:00.273103,22.383004944439946,71.54316339520797,918.9502013827125
2021-07-30 10:04:00.350150,21.857283049739,73.09683383202115,918.9495086576906
2021-07-30 10:05:00.413092,19.7403459092083,78.70071891688895,918.9709117977136
2021-07-30 10:06:00.496074,20.00031001798525,77.4338707244911,918.9494495798903
2021-07-30 10:07:00.563136,19.5618610229312,78.63479773767814,918.9179876131077
2021-07-30 10:08:00.638084,19.500178444899955,77.27400758301505,918.9098321371217
2021-07-30 10:09:00.704603,19.854367687648818,77.15196985271804,918.8841348763043
2021-07-30 10:10:00.768349,19.646857390275514,76.7775806045685,918.8848208882034
2021-07-30 10:11:00.829664,20.00215609818689,73.74811435856716,918.8613337583552
2021-07-30 10:12:00.893087,20.112448500473104,72.41018683681284,918.8792856924547
2021-07-30 10:13:00.970609,18.95896927125421,75.07605749896186,918.8784482079157
2021-07-30 10:14:01.037951,19.25473265872276,74.68416212882246,918.8916017324111
2021-07-30 10:15:01.103139,19.94814274491553,72.11621856701288,918.8814615032695
2021-07-30 10:16:01.178205,20.537325322830455,68.53621679893608,918.861279974809
2021-07-30 10:17:01.243383,21.724827103204138,66.25430423635892,918.8246705788257
2021-07-30 10:18:01.323083,22.293600623574335,65.18824975573777,918.8525818926365
2021-07-30 10:19:01.403126,21.93538246586821,66.64587546875615,918.8579464206864
2021-07-30 10:20:01.480798,21.300021974486995,65.9352700602737,918.8407911805053
2021-07-30 10:21:01.543079,22.30528292895331,64.45654487296127,918.8052065429438
2021-07-30 10:22:01.623114,22.857071138901702,61.63232939260314,918.7692796686615
2021-07-30 10:23:01.703124,20.083689872346074,68.03316011815718,918.8232831153888
2021-07-30 10:24:01.783123,21.32413252043575,66.28696577975388,918.820094795131
2021-07-30 10:25:01.863123,21.80820004430424,65.23519667705744,918.7941468187705
2021-07-30 10:26:01.943119,20.553390020159753,68.00401010489384,918.8166612826066
2021-07-30 10:27:02.023093,22.829906852346742,61.7443544519856,918.7762362657144
2021-07-30 10:28:02.103102,20.9773509690161,66.28492527262588,918.8043528080749
2021-07-30 10:29:02.182294,20.48242076123003,67.19572276457724,918.7945765787932
2021-07-30 10:30:02.263089,21.39574703591437,65.09179640767653,918.8007007172168
2021-07-30 10:31:02.338015,22.303221344040423,62.71680728855202,918.7440033884222
2021-07-30 10:32:02.397990,21.458831259471037,63.79102922306969,918.7574054499039
2021-07-30 10:33:02.457836,20.60459309882721,65.4825101435551,918.7472543205073
2021-07-30 10:34:02.518647,22.716347376548455,62.21561306905272,918.7255047972897
2021-07-30 10:35:02.583132,22.21455921844976,62.06102577064339,918.7144390277318
2021-07-30 10:36:02.659362,22.571826837636902,62.36813484147515,918.7016921136745
2021-07-30 10:37:02.723105,20.719742130974183,66.57486513779976,918.7435828224927
2021-07-30 10:38:02.797822,20.659327485069323,65.91470551832813,918.7470753768497
2021-07-30 10:39:02.863088,19.67759003731534,68.49508738717915,918.749127323286
2021-07-30 10:40:02.943087,20.859606793147687,66.54801091266106,918.7522796605264
2021-07-30 10:41:03.023101,20.497462581527387,68.71552074764955,918.745076831266
2021-07-30 10:42:03.103108,19.87077427082768,70.46709467866894,918.7681072617313
2021-07-30 10:43:03.177985,21.36996852603643,67.19756858590323,918.745538329409
2021-07-30 10:44:03.243092,21.515698601632362,66.88666548774201,918.7189555324018
2021-07-30 10:45:03.323083,22.926215988625028,63.23744497464322,918.70045216207
2021-07-30 10:46:03.397838,23.476064940424262,61.23365295151366,918.7082688965785
2021-07-30 10:47:03.463101,22.657716429134876,63.74587448997116,918.7185239196953
2021-07-30 10:48:03.543013,23.740544830907634,61.27387604298144,918.7188884459193
2021-07-30 10:49:03.619617,24.48775854907516,58.71077125092043,918.7582426709544
2021-07-30 10:50:03.683123,25.312796199929824,56.24689288308153,918.7721736229157
2021-07-30 10:51:03.763082,23.977049104995487,60.11088304767806,918.7818667110012
2021-07-30 10:52:03.837854,22.169379684239903,65.31479195421429,918.804771910634
2021-07-30 10:53:03.903085,21.035994272410065,67.32551412386448,918.8525749598754
2021-07-30 10:54:03.978714,22.37262819835108,64.12031252570033,918.8339730281227
2021-07-30 10:55:04.043087,20.853502278659686,67.47190021730319,918.8400923908911
2021-07-30 10:56:04.123302,21.517543957097086,69.08188544992305,918.8215961747492
2021-07-30 10:57:04.190232,21.791603415091892,69.09617067902374,918.8299968678413
2021-07-30 10:58:04.253121,21.401606000388764,74.80447055432117,918.9108029291917
2021-07-30 10:59:04.333091,22.75261444880029,70.9085569986653,918.8713856414511
2021-07-30 11:00:04.408298,21.921945558519422,73.8131069614365,918.9416085504245
2021-07-30 11:01:04.474753,20.805752809603504,78.14697625138018,919.0028989378188
2021-07-30 11:02:04.543142,20.1893010900285,80.5298551477295,918.9911668251552
2021-07-30 11:03:04.623107,19.826859680912932,80.26384038359687,918.9953243120412
2021-07-30 11:04:04.699830,19.721009944615723,81.1454259956062,919.0057730745164
2021-07-30 11:05:04.767974,20.431990443054772,79.25009358804422,919.018226217334
2021-07-30 11:06:04.827833,19.669066746569836,79.98512514523924,919.0257415525917
2021-07-30 11:07:04.893090,19.53828910972894,81.54184882097113,919.0275925093655
2021-07-30 11:08:04.973088,19.32953660454976,80.06903323251115,919.0428546632183
2021-07-30 11:09:05.048059,19.451542752811033,80.49742578662759,919.0358603196012
2021-07-30 11:10:05.113124,19.50406580180001,79.69048283483463,919.0199959105395
2021-07-30 11:11:05.187835,19.671849798055025,79.78466594802396,919.0303681883395
2021-07-30 11:12:05.249608,19.331474543421155,80.79125542272746,919.0539847268519
2021-07-30 11:13:05.313090,19.31089703238119,81.57473238512424,919.0711215459727
2021-07-30 11:14:05.387842,19.217792247597586,80.88331886814055,919.070679857653
2021-07-30 11:15:05.453096,19.489914457839145,80.31081834844684,919.0764904269813
2021-07-30 11:16:05.529758,19.590686474652006,80.53946087630607,919.084587350136
2021-07-30 11:17:05.588147,19.54661342534135,78.77030678845088,919.053872345555
2021-07-30 11:18:05.673117,19.839762712941564,78.79702657738258,919.0866402724583
2021-07-30 11:19:05.753113,19.484803676670953,80.8551423228253,919.0837044351505
2021-07-30 11:20:05.828499,21.665477048372274,75.620642975223,919.0574543719065
2021-07-30 11:21:05.893087,20.774883392877534,79.11108432412891,919.1163174581878
2021-07-30 11:22:05.973106,19.413971735533632,78.62979460003274,919.1172292204354
2021-07-30 11:23:06.047988,19.341890103483294,80.24909274110023,919.1023216898307
2021-07-30 11:24:06.107917,19.606911945470543,79.30105291758723,919.0963520486082
2021-07-30 11:25:06.173091,20.11202187950368,79.88707426074399,919.094909473629
2021-07-30 11:26:06.249136,19.483336261194314,80.18055063716929,919.0764023162188
2021-07-30 11:27:06.313089,20.01775059354081,79.07097821072585,919.0924425299754
2021-07-30 11:28:06.388280,20.29062009423339,78.7097451130993,919.0931123060312
2021-07-30 11:29:06.453101,20.547760659343915,78.57741181731946,919.0559028920649
2021-07-30 11:30:06.533097,20.03028309254442,78.73102017936108,919.0761767196934
2021-07-30 11:31:06.613109,20.8863786827097,77.22623052600888,919.0838261072198
2021-07-30 11:32:06.693083,20.104600362423557,79.67677067730145,919.0988581772449
2021-07-30 11:33:06.770574,21.331673954493535,75.36813470997399,919.0564567458179
2021-07-30 11:34:06.833121,21.592871785941004,76.84991626242808,919.0605305649775
2021-07-30 11:35:06.913092,20.529034278469496,79.68996485526151,919.1241492079201
2021-07-30 11:36:06.993117,19.707820912348822,82.6689620522026,919.1100107454449
2021-07-30 11:37:07.048533,20.00635873984223,80.3212032667161,919.11353150035
2021-07-30 11:38:07.114161,19.999281402965103,80.10258492629185,919.121590552322
2021-07-30 11:39:07.178063,21.103271268850435,77.763504720799,919.0743179942542
2021-07-30 11:40:07.243086,21.74475925820412,75.8735234323509,919.0868705012247
2021-07-30 11:41:07.323088,20.781367956722903,77.59671650810961,919.0955129806945
2021-07-30 11:42:07.403405,21.398261147322167,76.47087928882758,919.0741297690079
2021-07-30 11:43:07.483115,21.409649805090037,77.63339976948684,919.0968613317003
2021-07-30 11:44:07.558907,20.431341493567583,79.48565498223182,919.105413231831
2021-07-30 11:45:07.623102,21.282799345291316,77.37638457745459,919.0811672583237
2021-07-30 11:46:07.703097,20.79248173952845,77.01871639107623,919.0738683436889
2021-07-30 11:47:07.780717,20.944908635344184,78.08129523623674,919.0947693643351
2021-07-30 11:48:07.868243,20.092919597560478,79.14856977247203,919.1136575345656
2021-07-30 11:49:07.933089,20.270201959674733,78.22362759791491,919.0943720996942
2021-07-30 11:50:08.010818,20.493311873359968,79.10114077334974,919.093753678706
2021-07-30 11:51:08.076705,20.94898898543572,77.07335776852717,919.1172408266046
2021-07-30 11:52:08.143115,20.351847759494046,78.32407931908071,919.1291715815491
2021-07-30 11:53:08.222566,21.028117132491303,77.09960603526415,919.0949995597902
2021-07-30 11:54:08.293091,20.75667113629647,80.08002252842743,919.0896187561491
2021-07-30 11:55:08.368039,20.772081673830677,78.06076309318073,919.0901003114399
2021-07-30 11:56:08.433089,20.662046115490536,78.92810059526346,919.0845316431988
2021-07-30 11:57:08.513077,20.867634581709787,77.18609754116763,919.1259460365853
2021-07-30 11:58:08.589290,20.56075525668434,78.73703270451921,919.1054929967988
2021-07-30 11:59:08.653097,20.577644153453555,80.1394285533916,919.1143676868654
2021-07-30 12:00:08.727877,20.60843975209023,78.54501968015809,919.0978962026516
2021-07-30 12:01:08.793116,20.632835831028398,78.41471868357216,919.0995552233949
2021-07-30 12:02:08.869199,20.358230087165534,77.96823228096082,919.0866768822892
2021-07-30 12:03:08.933083,20.61475912047964,78.39977133761164,919.0961297063286
2021-07-30 12:04:09.007950,20.280879331943662,78.77231249970102,919.0946148427838
2021-07-30 12:05:09.093114,20.32807128299807,78.65716681555968,919.102897195166
2021-07-30 12:06:09.173096,20.388951367478526,77.19594130397677,919.1284892734607
2021-07-30 12:07:09.248162,20.41258474082812,78.4669612573071,919.1001017472848
2021-07-30 12:08:09.313147,20.550369338255237,76.95518955161172,919.1458152726384
2021-07-30 12:09:09.387801,20.621507082218127,76.36423037447821,919.1245536477956
2021-07-30 12:10:09.453112,20.54388016795532,77.72365821654738,919.1401812522323
2021-07-30 12:11:09.533238,20.85558383693,77.27996487177536,919.1384760638597
2021-07-30 12:12:09.613106,20.51048320713529,76.97235564539918,919.1855780028045
2021-07-30 12:13:09.691132,20.220285040280732,77.89359680900145,919.1380033422008
2021-07-30 12:14:09.749844,20.53393012480577,78.40126442832954,919.1549468965151
2021-07-30 12:15:09.810306,20.445165666501268,77.43367411560972,919.1500321529292
2021-07-30 12:16:09.893086,20.731359297365323,76.34081864757034,919.0899621872422
2021-07-30 12:17:09.973096,20.706102489678162,77.14031298608388,919.1147732361288
2021-07-30 12:18:10.050634,20.37520966456324,78.09007775750297,919.0944138636373
2021-07-30 12:19:10.113101,21.804698798043205,74.3025008712799,919.1167813884688
2021-07-30 12:20:10.193098,20.31351810060882,77.68800186986954,919.094957718859
2021-07-30 12:21:10.274165,21.192774420922394,76.90134100959833,919.0860166919979
2021-07-30 12:22:10.348632,20.87543690983366,75.33446376535491,919.0784323540657
2021-07-30 12:23:10.413102,20.94139742474788,75.41127402725236,919.076034816748
2021-07-30 12:24:10.491910,22.095331802413728,73.72700602499806,919.0066051562712
2021-07-30 12:25:10.573093,22.029086139336503,74.081371969086,919.0140349054421
2021-07-30 12:26:10.653101,20.861613879043418,76.76090416572718,919.1380966087152
2021-07-30 12:27:10.733389,20.2497838666311,75.46334880254962,919.0973069875766
2021-07-30 12:28:10.813082,21.664256299726116,73.4881908520793,919.0621744557342
2021-07-30 12:29:10.893128,23.293670202470615,69.50062215968629,919.0028588920275
2021-07-30 12:30:10.967904,22.72292744837304,72.37859260619332,919.0584055954854
2021-07-30 12:31:11.034365,21.32607094155602,75.10594113936924,919.0698044109388
2021-07-30 12:32:11.103098,20.917162749403516,75.12908547494476,919.1090349343249
2021-07-30 12:33:11.178151,21.178424040981223,74.37910740350453,919.0953350229084
2021-07-30 12:34:11.243089,21.823072404884343,73.97895485281379,919.0806146008123
2021-07-30 12:35:11.323667,22.51782376735927,70.76592343729808,919.1087021001606
2021-07-30 12:36:11.393092,21.513409239898643,75.37957615442741,919.1171877054942
2021-07-30 12:37:11.473099,21.208924251511093,75.29664115814143,919.070460807718
2021-07-30 12:38:11.547813,21.476774574908763,74.81313593987849,919.1078015872524
2021-07-30 12:39:11.607815,21.50728424024749,75.21989912502318,919.1087893751776
2021-07-30 12:40:11.673096,22.414918609170613,73.00699927229785,919.0547337837174
2021-07-30 12:41:11.753183,21.24753715154826,74.67442426788904,919.0748420373237
2021-07-30 12:42:11.829987,21.44513772869098,74.55530876278969,919.1129903351518
2021-07-30 12:43:11.893186,21.25076513727427,74.33820741384686,919.073633773129
2021-07-30 12:44:11.973069,22.228181167011012,73.08055728981711,919.0085127127588
2021-07-30 12:45:12.053284,23.73459766030917,69.46160292907813,918.9772343558247
2021-07-30 12:46:12.133422,24.786391311130515,67.88826166581872,918.9831856717362
2021-07-30 12:47:12.203098,25.064423061447663,67.28305526840776,918.9873457652004
2021-07-30 12:48:12.278778,22.335695100577418,71.9571490793581,919.0077637462217
2021-07-30 12:49:12.338171,22.274944888350213,72.62235594134614,918.9889855831988
2021-07-30 12:50:12.403089,21.883708215859922,75.1044882344835,919.041367750471
2021-07-30 12:51:12.483109,21.600612505017562,73.87367196819511,919.0546085298733
2021-07-30 12:52:12.557985,21.798602765908395,73.85979233275621,919.0611761646094
2021-07-30 12:53:12.623111,21.203907904782096,73.98247005978621,919.0645745089502
2021-07-30 12:54:12.697805,21.179684397412686,73.442040154706,919.0716179394277
2021-07-30 12:55:12.763098,21.25668316922591,74.12987337183134,919.0568329864967
2021-07-30 12:56:12.843116,21.146381491746425,74.92634287860584,919.0402293417262
2021-07-30 12:57:12.923165,21.556802374943192,74.61329117118103,919.0498738031486
2021-07-30 12:58:12.987782,21.191856149199317,75.81408611072347,919.0249267075083
2021-07-30 12:59:13.050402,23.162754318298678,70.817303295921,918.9377300116109
2021-07-30 13:00:13.110334,24.79909150616092,65.76418512238124,918.8930294902198
2021-07-30 13:01:13.173117,22.377714157716998,73.3274992260159,919.0064496441165
2021-07-30 13:02:13.253087,21.83251312968613,75.31294836980129,919.0219628277821
2021-07-30 13:03:13.333166,22.420474711447213,73.80422173136624,919.0155841690388
2021-07-30 13:04:13.413113,22.368215377538256,74.09958633171215,919.0253357832029
2021-07-30 13:05:13.493213,21.887992373646284,72.82339505013637,919.0010831952387
2021-07-30 13:06:13.573143,22.9841789284138,71.21199539952555,918.9662616275868
2021-07-30 13:07:13.648152,23.58720834306752,72.13115073099964,918.9793837730393
2021-07-30 13:08:13.715332,22.586913479451294,72.49840398160171,919.0425530342146
2021-07-30 13:09:13.777830,22.417262855174634,74.07665506473404,919.0347653625836
2021-07-30 13:10:13.837924,23.146594786300277,71.50578260405445,918.9923419991734
2021-07-30 13:11:13.918127,22.521712075287343,72.70112281298375,919.0335718702909
2021-07-30 13:12:13.997795,22.574591853475567,72.88715916136522,919.0216771943149
2021-07-30 13:13:14.058291,22.22307875798705,73.89839961763289,918.9676335953122
2021-07-30 13:14:14.123115,22.505824340329504,73.88331284522364,919.0075301911559
2021-07-30 13:15:14.203143,23.06730638185885,71.65276476925185,918.9403239523372
2021-07-30 13:16:14.283119,23.030773624466587,71.88551128463729,919.013191790655
2021-07-30 13:17:14.357839,22.207428994761713,73.10849029260214,919.0390446058851
2021-07-30 13:18:14.417806,21.748006232786963,74.22900098434909,918.9973835841515
2021-07-30 13:19:14.483098,22.50603083114531,73.21214889519361,919.0072538371134
2021-07-30 13:20:14.563108,22.279609180231816,72.46906856798884,919.0259730407533
2021-07-30 13:21:14.643098,21.767041338312655,73.8199916856508,918.9946498294161
2021-07-30 13:22:14.723133,21.912405833017846,73.1777399497478,919.0225140766375
2021-07-30 13:23:14.798000,21.51062551260892,74.22683426625993,919.054423472489
2021-07-30 13:24:14.863089,21.62730773870155,74.11312486195934,919.0027739611631
2021-07-30 13:25:14.943091,23.550003443082936,70.12810107084249,918.9843330501076
2021-07-30 13:26:15.017841,22.852738263122873,72.15082124858296,919.0126834424394
2021-07-30 13:27:15.078400,22.476086828024158,74.49194574856327,918.9721717386197
2021-07-30 13:28:15.144791,23.429366543226337,72.39614697895439,918.9678929800024
2021-07-30 13:29:15.213088,23.281049182817583,71.22052452184823,918.9203006879804
2021-07-30 13:30:15.293103,23.034244332988813,73.07784435110904,918.9095941671441
2021-07-30 13:31:15.373101,22.359740698004725,72.69292934539514,918.9663808140514
2021-07-30 13:32:15.453098,22.104282190167226,73.85408969108806,918.9851076087117
2021-07-30 13:33:15.528979,21.804962869571188,74.4299825353577,919.0282541364812
2021-07-30 13:34:15.591011,23.59042295650586,70.31623398986609,918.9223635996364
2021-07-30 13:35:15.653095,23.344587443104135,70.88922168928764,918.9057245116531
2021-07-30 13:36:15.733134,22.569468838752055,74.777820955924,919.0001994917563
2021-07-30 13:37:15.808277,21.8915324993251,74.69362370204894,918.9582670157141
2021-07-30 13:38:15.871617,22.57332512122728,72.57761374944226,918.9251921045916
2021-07-30 13:39:15.947882,24.352548821591256,67.5408196512398,918.8681662908269
2021-07-30 13:40:16.009209,23.14792362743691,72.61045042501273,918.8848394714394
2021-07-30 13:41:16.067971,22.52776151650128,72.37340353082831,918.8681689222029
2021-07-30 13:42:16.137870,22.01770025589751,73.34609315762003,918.9208976357073
2021-07-30 13:43:16.203089,22.24351106326365,72.9353998639459,918.9197873432572
2021-07-30 13:44:16.277834,22.485011208684448,74.34410524080204,918.9017431140387
2021-07-30 13:45:16.343107,22.234697858239056,72.5089874069166,918.9009876148784
2021-07-30 13:46:16.423094,23.05790113687386,72.37043813502876,918.8040948213011
2021-07-30 13:47:16.503091,22.725160700666198,72.91883498115635,918.8067302140839
2021-07-30 13:48:16.583091,22.208235387410777,73.85425486935364,918.8370369155692
2021-07-30 13:49:16.663186,22.329231678225334,72.20810427455312,918.853077343404
2021-07-30 13:50:16.739770,22.228667770932216,73.92126028932644,918.858519311457
2021-07-30 13:51:16.803087,21.871378101236452,73.40977515830565,918.9015474682808
2021-07-30 13:52:16.880727,21.765563410356613,73.28310523801163,918.8341886526928
2021-07-30 13:53:16.943114,22.276359185430476,71.14514911980703,918.8062088404861
2021-07-30 13:54:17.018826,22.33962764297585,73.10906051815101,918.7864188799987
2021-07-30 13:55:17.077846,21.814679486810515,75.68784443548692,918.8244806781865
2021-07-30 13:56:17.143102,22.512046661097816,74.8449270080055,918.8178003732294
2021-07-30 13:57:17.218340,22.63228563781805,73.29154133772954,918.8137846210972
2021-07-30 13:58:17.283093,23.552860898652373,70.86516781894423,918.7832060666924
2021-07-30 13:59:17.358259,22.991174024808192,72.261849303986,918.7897523852694
2021-07-30 14:00:17.417826,24.250813528939194,69.58420306214728,918.7229444774971
2021-07-30 14:01:17.459727,23.537089435299478,71.4643732977644,918.727239303634
2021-07-30 14:02:17.523092,24.392854056480992,69.86295160274346,918.7026420900049
2021-07-30 14:03:17.603333,23.4878990812905,71.453034149394,918.7174947498062
2021-07-30 14:04:17.684370,22.900979411846695,71.64453309410261,918.7033194926948
2021-07-30 14:05:17.747998,23.933594235530016,69.79198406301006,918.6545360146903
2021-07-30 14:06:17.807874,22.427674477837154,73.5518883639579,918.7140935055664
2021-07-30 14:07:17.868795,22.738921750047155,72.55745240939024,918.700839279921
2021-07-30 14:08:17.928859,22.102585248722683,73.07230464681436,918.7436569943021
2021-07-30 14:09:17.989021,22.258725826737308,73.78623022757976,918.7009697329936
2021-07-30 14:10:18.053093,22.40578763197515,74.4034018676926,918.6931494815108
2021-07-30 14:11:18.133286,22.63573908593971,74.08286466310454,918.644706963151
2021-07-30 14:12:18.214837,22.846412804474742,74.52741549440914,918.6366005356748
2021-07-30 14:13:18.284629,22.47220459366476,74.19525274512552,918.6528782966282
2021-07-30 14:14:18.353129,22.177453837838595,73.40294316150573,918.6994277768764
2021-07-30 14:15:18.433098,22.279227742327414,72.61135756799915,918.6720262857189
2021-07-30 14:16:18.513107,23.983777688177593,69.5036960876334,918.6508820918164
2021-07-30 14:17:18.593139,25.54191793032738,66.13614681519124,918.5940229687308
2021-07-30 14:18:18.673202,25.697317846915606,66.37461113502751,918.6101430120019
2021-07-30 14:19:18.753098,23.440163878738325,72.31919947569435,918.6409468426153
2021-07-30 14:20:18.833139,22.91245554288863,73.22057584613009,918.7150868788048
2021-07-30 14:21:18.913068,21.85843004014251,74.19359374789344,918.7150222203378
2021-07-30 14:22:18.987812,22.03987979329513,73.98333154305729,918.7082685941076
2021-07-30 14:23:19.053116,22.906752053992356,72.0081739682216,918.690591896437
2021-07-30 14:24:19.133099,22.931508138490337,71.70191221636549,918.6463671397297
2021-07-30 14:25:19.213093,22.269026113118187,73.04058121657341,918.6747244506131
2021-07-30 14:26:19.293112,22.171057419580624,74.76527343621225,918.6878976913613
2021-07-30 14:27:19.373133,22.268275995639677,74.56655310403366,918.7243746574516
2021-07-30 14:28:19.453092,21.65106806686234,73.90591814333294,918.6482438150001
2021-07-30 14:29:19.533102,22.820147842427865,72.8468269924887,918.5907171983949
2021-07-30 14:30:19.613108,22.189884777116575,73.32511360538341,918.6906564123767
2021-07-30 14:31:19.693088,22.045362905482637,73.69714614339307,918.6554862818
2021-07-30 14:32:19.758757,22.347878009947504,73.66766372212821,918.6232242915379
2021-07-30 14:33:19.823086,21.97021664850779,73.33807831607585,918.6351332764135
2021-07-30 14:34:19.903091,22.34555874356246,73.03616627719288,918.6186995195425
2021-07-30 14:35:19.983099,22.555200877279308,72.95866025695429,918.610769958657
2021-07-30 14:36:20.063638,22.81722771579403,72.79271892202338,918.5759120605185
2021-07-30 14:37:20.131943,23.113426220451757,72.62596292601611,918.5573650723579
2021-07-30 14:38:20.208822,22.583686820163358,72.00917951884811,918.5176101834047
2021-07-30 14:39:20.268427,22.248425629506748,73.89831961996862,918.470794294974
2021-07-30 14:40:20.343107,22.607409025431892,74.24291218030899,918.4517144344117
2021-07-30 14:41:20.423096,23.710573757858256,71.99654968178186,918.4701210642518
2021-07-30 14:42:20.503087,22.53417984726014,73.4792245213512,918.4989552320495
2021-07-30 14:43:20.583100,22.28357334726404,73.00850328507364,918.5186991954575
2021-07-30 14:44:20.663094,22.828813969325807,72.67405258976694,918.5437341420937
2021-07-30 14:45:20.743089,22.419143816111117,75.40084388649123,918.550032199385
2021-07-30 14:46:20.823103,22.532390071943635,74.47806225350924,918.4990595354956
2021-07-30 14:47:20.903091,22.13227181657,72.75154258781248,918.5098275600176
2021-07-30 14:48:20.978109,22.386749637802765,73.19184038962197,918.4507289729225
2021-07-30 14:49:21.042563,23.316012584906165,71.4454366792156,918.392677589747
2021-07-30 14:50:21.123099,24.71234849531236,69.15794014337422,918.4048799287831
2021-07-30 14:51:21.203090,23.066250598088352,72.0402458821065,918.4407750336571
2021-07-30 14:52:21.279653,22.50551650773349,73.25331224060612,918.424779650702
2021-07-30 14:53:21.339010,22.910916572245878,72.3832383060506,918.5626580231368
2021-07-30 14:54:21.399661,22.333120178857452,72.94002978989398,918.4936748293202
2021-07-30 14:55:21.458007,21.894400949357927,74.42579923102079,918.5016488865813
2021-07-30 14:56:21.543070,22.3254056577008,73.94217136502701,918.4644203800262
2021-07-30 14:57:21.623108,22.359569652242985,73.7374236463826,918.4105813859911
2021-07-30 14:58:21.703093,22.370521351993347,72.46168164346597,918.4106502207546
2021-07-30 14:59:21.777876,22.23561582656797,75.36163821960116,918.4447661031825
2021-07-30 15:00:21.839689,22.30937819327142,73.15746244163722,918.3812134535351
2021-07-30 15:01:21.898066,22.272819252526137,73.95664713310816,918.4288700005874
2021-07-30 15:02:21.963091,22.277836183220572,72.71521425234795,918.3614579579037
2021-07-30 15:03:22.043112,22.997461762578595,72.92398062508062,918.3415865758132
2021-07-30 15:04:22.123075,22.654414179787164,74.69014559937291,918.4194794999337
2021-07-30 15:05:22.197826,22.69391301459788,72.01827494213822,918.4901275915847
2021-07-30 15:06:22.265872,21.820373528185346,74.33737827542433,918.4817417027133
2021-07-30 15:07:22.328167,23.31415560909322,71.9711686311509,918.3509843180692
2021-07-30 15:08:22.393101,22.627093724470946,74.2350096520886,918.3964752739132
2021-07-30 15:09:22.472768,22.891839741019524,74.42763949974554,918.4177258881275
2021-07-30 15:10:22.548734,24.348764483849227,70.34194702818299,918.3725494070226
2021-07-30 15:11:22.613090,23.649840184230804,74.52456628866358,918.4188510831815
2021-07-30 15:12:22.690639,23.499528822161633,73.75721338935377,918.4075941027444
2021-07-30 15:13:22.747975,22.953996775157705,75.3101671865334,918.4223166624288
2021-07-30 15:14:22.828010,21.961384271177614,75.30081735793345,918.5554594888278
2021-07-30 15:15:22.914977,21.335925460238837,75.53592187321073,918.522474812706
2021-07-30 15:16:22.978126,21.43855060780641,74.67383633482729,918.5284912012559
2021-07-30 15:17:23.044016,21.59399568725749,75.6539664901839,918.4838491480349
2021-07-30 15:18:23.113087,23.409195957060124,72.15779471781258,918.370308456151
2021-07-30 15:19:23.193134,22.493531904717344,74.09961542315241,918.4391163629886
2021-07-30 15:20:23.273092,22.19496606549095,73.16667420785734,918.4582735307175
2021-07-30 15:21:23.353100,22.02993941540843,73.37236986217493,918.4486549269104
2021-07-30 15:22:23.433178,21.837460291076198,74.96567893004925,918.4273189907262
2021-07-30 15:23:23.513090,21.972904844504594,75.75512505977929,918.4166127017945
2021-07-30 15:24:23.593244,21.635685274224517,77.07381636384315,918.4084948075224
2021-07-30 15:25:23.673184,21.923452945150057,76.45797291606455,918.3473422874652
2021-07-30 15:26:23.753104,22.098703656441277,74.6000651267667,918.4127283940318
2021-07-30 15:27:23.828178,22.05556540507047,75.99682416514482,918.3947549170381
2021-07-30 15:28:23.893092,22.106115625899854,73.91349398338147,918.3440219505533
2021-07-30 15:29:23.973136,22.370378216040052,74.91905387998194,918.2762839709292
2021-07-30 15:30:24.053137,22.19844458441161,74.9820018016034,918.3832279691951
2021-07-30 15:31:24.133100,22.029749879380656,73.2931091361197,918.4142775538711
2021-07-30 15:32:24.213100,21.51268132866373,73.76632851568915,918.4603304634078
2021-07-30 15:33:24.293100,21.82416958400207,76.44868874417034,918.4778215868303
2021-07-30 15:34:24.373092,22.320767121047044,73.13462321319648,918.3767479354523
2021-07-30 15:35:24.453658,22.682639790510237,73.987475226286,918.3545902572633
2021-07-30 15:36:24.523100,22.887239582565513,72.63424313214472,918.4286278800741
2021-07-30 15:37:24.598034,22.238323255563966,73.88990347828377,918.3776199454593
2021-07-30 15:38:24.679015,21.86674909852355,75.65475495240739,918.3689369314724
2021-07-30 15:39:24.743093,22.878814549875003,72.19559034119213,918.3112156905769
2021-07-30 15:40:24.817835,22.269384584180354,75.29397288251269,918.3095904782908
2021-07-30 15:41:24.883107,22.00147510938332,75.46843085996645,918.3234063634371
2021-07-30 15:42:24.963091,21.641687079639365,75.51236234813025,918.3442257793727
2021-07-30 15:43:25.043092,21.77307025641333,74.92787056881936,918.3387540141239
2021-07-30 15:44:25.123083,21.644858283793972,75.70947954349825,918.3346429399488
2021-07-30 15:45:25.203099,21.976246721874478,76.61613976339125,918.3342008230574
2021-07-30 15:46:25.280379,21.936695828015615,73.7795864583091,918.3851441863263
2021-07-30 15:47:25.343092,21.90062931600856,75.85963164618023,918.3636137936575
2021-07-30 15:48:25.423108,22.14878036184904,74.37456612072658,918.4049661689978
2021-07-30 15:49:25.505257,21.584292530286053,75.47356153101515,918.3001674365638
2021-07-30 15:50:25.573133,21.895498338899884,75.36207357205548,918.481404792521
2021-07-30 15:51:25.653091,21.39242996549151,76.2930802014389,918.3682205267812
2021-07-30 15:52:25.727949,21.757649558729952,75.95852984080254,918.3734184247157
2021-07-30 15:53:25.793125,21.866010726448653,76.1421223286666,918.3984353414961
2021-07-30 15:54:25.873109,21.74802267787963,76.54608440573338,918.4061933633989
2021-07-30 15:55:25.953091,21.351411813166447,77.42742455775334,918.3515843673329
2021-07-30 15:56:26.035039,22.096374732601586,75.44440947517886,918.3523204955603
2021-07-30 15:57:26.103106,21.582807420322503,75.36749703823192,918.3012945575892
2021-07-30 15:58:26.183104,21.651835839010126,75.78623842633014,918.2580854556056
2021-07-30 15:59:26.258133,21.490710563414595,75.9697116182142,918.299446565448
2021-07-30 16:00:26.323083,21.517489793820815,77.82062565645312,918.2539621627793
2021-07-30 16:01:26.403095,21.5621042826612,77.02293390570988,918.2433785831375
2021-07-30 16:02:26.477982,21.57750565328178,75.10444207731801,918.2312406034249
2021-07-30 16:03:26.548369,22.046533725991374,75.3400862472356,918.2550069292124
2021-07-30 16:04:26.613091,21.740581726974604,76.08058809744763,918.2375028923077
2021-07-30 16:05:26.693087,21.454785289386315,75.38425676510826,918.2606129854274
2021-07-30 16:06:26.768018,21.438170334620388,77.10421952677693,918.2385272197325
2021-07-30 16:07:26.855265,21.681966269352046,77.03890636576503,918.2151849713164
2021-07-30 16:08:26.923568,21.259399705394365,77.43807386807907,918.1269221590431
2021-07-30 16:09:27.003099,22.05163608487085,75.73102912694416,918.1703211668249
2021-07-30 16:10:27.083107,21.54135493792634,77.17019667018917,918.1940780083809
2021-07-30 16:11:27.163088,21.562682758637777,74.77777112693539,918.1434325140696
2021-07-30 16:12:27.237934,21.6824207264476,77.21104184007578,918.1813250909182
2021-07-30 16:13:27.318730,23.011104192540653,74.29216094012335,918.1803861397551
2021-07-30 16:14:27.383100,22.373307807392006,76.39073075084181,918.1807372448434
2021-07-30 16:15:27.447977,22.075767203126365,76.76441121241436,918.2218206589143
2021-07-30 16:16:27.508657,22.319497509495676,75.36215642516375,918.2369103829899
2021-07-30 16:17:27.569388,21.49994856242479,76.63631346397221,918.2604304199967
2021-07-30 16:18:27.637896,21.550053496228454,77.5219482499825,918.310566083162
2021-07-30 16:19:27.703117,21.749215099979192,76.3258402455074,918.2821794958867
2021-07-30 16:20:27.783097,21.3454870868364,77.05266948258425,918.2120864319754
2021-07-30 16:21:27.859167,22.038563934385344,76.1412572816811,918.0946648217848
2021-07-30 16:22:27.923089,21.970680500295376,76.76204691605247,918.1138998642193
2021-07-30 16:23:28.003090,21.959434040667418,76.43168226095015,918.1666346041862
2021-07-30 16:24:28.083105,21.814797813172145,76.71946027663834,918.1265723144935
2021-07-30 16:25:28.163101,21.274812360329182,78.20061655974841,918.1600159352305
2021-07-30 16:26:28.243667,21.094839678486856,77.89961864837426,918.0813157844296
2021-07-30 16:27:28.313128,20.983022145494026,79.25405890892613,918.1260178230275
2021-07-30 16:28:28.393140,21.360698113793816,78.78135043867618,918.1477412994732
2021-07-30 16:29:28.467816,21.784761336767403,77.4385252911017,918.0676698511784
2021-07-30 16:30:28.537965,22.082461364005077,77.1324561382053,917.9871683816772
2021-07-30 16:31:28.599195,22.46448617423892,74.89078605341305,917.9733509498271
2021-07-30 16:32:28.663099,21.670085929692878,76.50835240845554,918.084570487273
2021-07-30 16:33:28.740486,21.25114469731033,78.69865130773209,918.0729616023336
2021-07-30 16:34:28.803090,20.97360613565976,79.9072496797477,918.1189664220474
2021-07-30 16:35:28.883099,20.70857215394269,79.54243727569605,918.1103238601054
2021-07-30 16:36:28.958617,20.489628981843154,79.55354073789809,918.1865956147599
2021-07-30 16:37:29.023104,20.360114985270968,79.31808541977495,918.176416871175
2021-07-30 16:38:29.103113,20.41029447691147,80.75153534492428,918.2150645919346
2021-07-30 16:39:29.178373,20.551970749479178,79.94823835539134,918.2450760741943
2021-07-30 16:40:29.238818,20.717144082615537,80.18922163734243,918.3675072694591
2021-07-30 16:41:29.303107,20.524309357209408,80.35298043036278,918.4293671755659
2021-07-30 16:42:29.377890,20.455759738007,79.45533104209807,918.495291481073
2021-07-30 16:43:29.443095,20.530254690591928,79.63603815119002,918.4257625689602
2021-07-30 16:44:29.523092,21.496247033176815,77.32973351325548,918.381976371577
2021-07-30 16:45:29.601314,21.192672138883257,78.37185331987102,918.3922086107548
2021-07-30 16:46:29.663100,20.37486682718412,80.45161840991679,918.4147808579974
2021-07-30 16:47:29.738102,20.200663286227368,80.80906247051233,918.3350818837192
2021-07-30 16:48:29.803083,19.965478243677904,81.73406835781941,918.3503074248362
2021-07-30 16:49:29.883080,20.156944806685264,82.30365155937241,918.3815234034809
2021-07-30 16:50:29.959479,19.919574841418942,81.62820153690113,918.3495004160395
2021-07-30 16:51:30.023111,20.196812002667123,81.18715407507696,918.2842586633435
2021-07-30 16:52:30.103140,21.132957578053624,79.27068045918944,918.2892621952448
2021-07-30 16:53:30.183092,20.681066852772695,81.05721748497726,918.3962790166937
2021-07-30 16:54:30.263553,21.054454661371228,79.2836760497234,918.390282003717
2021-07-30 16:55:30.333117,21.16617541666513,79.35186780454538,918.4153956162902
2021-07-30 16:56:30.413673,21.170616506922478,77.90639444538948,918.4237588484206
2021-07-30 16:57:30.483150,20.79019121385398,79.33175253875375,918.4578699547537
2021-07-30 16:58:30.559540,20.936404780762757,79.19650611182283,918.4715394412805
2021-07-30 16:59:30.623088,20.561034874657395,79.73860092612392,918.4668759401841
2021-07-30 17:00:30.697828,21.055961395755542,79.46553655360104,918.4012502297151
2021-07-30 17:01:30.757847,20.696016758423678,80.38884890700953,918.3998779284308
2021-07-30 17:02:30.823089,20.99983594264394,79.42598093219036,918.3600387694034
2021-07-30 17:03:30.904744,21.315893651634617,79.3498338751244,918.3017589739802
2021-07-30 17:04:30.969136,20.61501324403669,80.71415335109222,918.3290012033858
2021-07-30 17:05:31.033269,20.866244145433626,78.80338912555317,918.3766743229431
2021-07-30 17:06:31.107842,20.45400626790102,80.82322784137689,918.4104886867833
2021-07-30 17:07:31.173109,20.65911006316601,80.54552868765765,918.3558203132332
2021-07-30 17:08:31.248635,20.46843812499125,81.72275876625085,918.3679762531423
2021-07-30 17:09:31.308117,20.80320533599076,78.8875566010455,918.3255634255706
2021-07-30 17:10:31.373094,20.376165069073654,80.86307638260892,918.344978411212
2021-07-30 17:11:31.448782,20.947443464200248,80.20105389659923,918.3382852573457
2021-07-30 17:12:31.509362,20.819020662718845,80.51085907961594,918.3058649690727
2021-07-30 17:13:31.567863,20.652584740828118,81.21246438219586,918.2933738468787
2021-07-30 17:14:31.639631,20.686021896755815,80.00794885315358,918.2552408321175
2021-07-30 17:15:31.697984,20.83019306222859,79.74005100458156,918.2813666976405
2021-07-30 17:16:31.763095,21.25486692206812,79.04374242833244,918.3261234033114
2021-07-30 17:17:31.843105,20.634905502082518,80.30285880299395,918.300154780503
2021-07-30 17:18:31.923148,20.28766261872193,80.19225635450564,918.269287895351
2021-07-30 17:19:32.003121,20.38339158616978,81.0382282506106,918.2715380966691
2021-07-30 17:20:32.083110,20.708580962064453,80.29999407671143,918.2559514256287
2021-07-30 17:21:32.157813,20.475687728577405,81.24044846917604,918.2706069292941
2021-07-30 17:22:32.223134,20.337471147493293,80.78050441320366,918.2314402357857
2021-07-30 17:23:32.303096,20.300380909344923,81.23848927981697,918.1904478097755
2021-07-30 17:24:32.383098,20.44860930221324,81.90410821400144,918.2595941566267
2021-07-30 17:25:32.463098,20.61070974524369,81.40534052661936,918.2267089226798
2021-07-30 17:26:32.537845,20.542043324771075,79.96638292456295,918.2183817791722
2021-07-30 17:27:32.603124,20.204905169311942,81.41877602272191,918.2307703500658
2021-07-30 17:28:32.683093,20.20307559495629,81.83264068646572,918.2439232964862
2021-07-30 17:29:32.758001,19.73679618440271,82.0803927537451,918.2278878556318
2021-07-30 17:30:32.823095,20.866417785746275,79.70006709098465,918.1828557187503
2021-07-30 17:31:32.899089,20.819387155741694,81.26335885401144,918.2375711146278
2021-07-30 17:32:32.963110,20.963655911234028,80.9119683626566,918.3150922456781
2021-07-30 17:33:33.037877,19.943660848627843,82.99907592042459,918.2925552400769
2021-07-30 17:34:33.099378,19.53986723059165,82.89607882115428,918.2988350434891
2021-07-30 17:35:33.163093,20.126203769243762,80.9234422164107,918.3536853095394
2021-07-30 17:36:33.243087,19.982075358253226,82.78335772489767,918.2962797555421
2021-07-30 17:37:33.324358,19.717230640710397,83.52518716224593,918.3116630003391
2021-07-30 17:38:33.392635,19.702125928581125,83.6001780492403,918.3593591905263
2021-07-30 17:39:33.468629,19.368035245247675,84.54905541186059,918.3972350558728
2021-07-30 17:40:33.533129,19.50086418874308,82.43516684632857,918.5150611491557
2021-07-30 17:41:33.612612,19.162170978579322,83.4641973331141,918.4954507280305
2021-07-30 17:42:33.683095,19.218223411995133,84.90223571061466,918.5038947222429
2021-07-30 17:43:33.763166,19.125703548757855,84.45321408385578,918.4997675994424
2021-07-30 17:44:33.839527,19.42287712137302,84.69987804381387,918.5016425176051
2021-07-30 17:45:33.903101,19.260256497959816,84.94456857137405,918.5021943452805
2021-07-30 17:46:33.978348,19.608792851549012,83.58384720382917,918.5250339471852
2021-07-30 17:47:34.038169,19.299514685690774,84.6167693181433,918.5573157360346
2021-07-30 17:48:34.098488,19.21998659932978,84.91453627332314,918.567145030205
2021-07-30 17:49:34.163128,20.05877904854158,83.2311420543036,918.6063927431867
2021-07-30 17:50:34.243083,19.460803100630972,83.98092871086914,918.6401281757976
2021-07-30 17:51:34.323097,19.44570789688018,84.88495267885733,918.6631069962765
2021-07-30 17:52:34.397902,19.290637968273572,85.37837417086692,918.6899413824706
2021-07-30 17:53:34.463083,19.04900895989717,85.87642543564264,918.781675872523
2021-07-30 17:54:34.538034,19.81987671048672,83.62417786876249,918.6042928370532
2021-07-30 17:55:34.603108,19.182375608457562,85.21820236055416,918.7395402363115
2021-07-30 17:56:34.677951,19.01391888041544,86.56392331572616,918.6470476397851
2021-07-30 17:57:34.743076,19.130425835112803,85.71551563445087,918.5239062818894
2021-07-30 17:58:34.823098,19.417961654463063,84.90706361989764,918.5512686828723
2021-07-30 17:59:34.903098,19.451904615364434,85.80934324048638,918.4781510578122
2021-07-30 18:00:34.983090,19.166382012128167,87.30529047087487,918.4718607369646
2021-07-30 18:01:35.057999,19.482636575006595,85.71113269961572,918.5321660823969
2021-07-30 18:02:35.123092,18.802168661738147,88.75110080799658,918.5254544346931
2021-07-30 18:03:35.198006,18.984781044672502,86.61833853918922,918.5842546813641
2021-07-30 18:04:35.283096,19.214884376685788,86.68181407116859,918.5331622957802
2021-07-30 18:05:35.365604,19.896728618268682,83.02233937569187,918.5325354564587
2021-07-30 18:06:35.433156,19.02331925210455,86.18693112701666,918.5978651993703
2021-07-30 18:07:35.509514,18.70348390213424,87.91112708348808,918.5722159190898
2021-07-30 18:08:35.573091,18.86478673744453,88.093733229805,918.4908252921111
2021-07-30 18:09:35.653120,18.932451377340314,86.84930004101255,918.495719791214
2021-07-30 18:10:35.730399,19.261266110005224,86.54335269031819,918.4145946431553
2021-07-30 18:11:35.788255,19.04567550275557,86.7872207673565,918.5198243420679
2021-07-30 18:12:35.853099,19.143561624445997,86.69681436406947,918.4654263711079
2021-07-30 18:13:35.930239,19.317956962551502,85.94445776975732,918.516083079042
2021-07-30 18:14:35.990684,18.923674918745192,87.08264187328606,918.5487432635813
2021-07-30 18:15:36.047815,18.965075905633682,87.09170297234856,918.5717835548738
2021-07-30 18:16:36.108757,19.264344569981535,86.88125072237463,918.6569839177864
2021-07-30 18:17:36.173103,18.964411873009723,87.9606505626181,918.7524086839766
2021-07-30 18:18:36.253096,18.508155373521667,87.63944382693921,918.7732833721201
2021-07-30 18:19:36.333116,18.43719634491647,88.01545486078481,918.8335493084269
2021-07-30 18:20:36.413163,18.564081874572942,88.19144055242245,918.8178364256987
2021-07-30 18:21:36.493097,19.332352412521445,86.40740978997,918.714686318126
2021-07-30 18:22:36.568274,19.367224587906907,86.07038185541805,918.7650041714234
2021-07-30 18:23:36.633128,18.68181229558302,87.35338823436572,918.7828579699382
2021-07-30 18:24:36.713116,19.081890786232677,85.72720600030007,918.8314910351744
2021-07-30 18:25:36.788267,18.73684120286266,88.25254567821605,918.8377338814366
2021-07-30 18:26:36.853113,19.223657139464315,86.55023756157351,918.8420584160713
2021-07-30 18:27:36.933091,19.073793587242026,86.66650898535167,918.8412935078669
2021-07-30 18:28:37.013139,18.617210410254,88.48229275400023,918.8482923506754
2021-07-30 18:29:37.088031,19.198742185055774,86.71542654245569,918.7994488252652
2021-07-30 18:30:37.153103,19.10550003889072,87.45020710253016,918.8184247060068
2021-07-30 18:31:37.228441,19.117098525587863,86.69454909951197,918.8987868025304
2021-07-30 18:32:37.293125,18.363424189811653,88.59609258452677,918.8798422585216
2021-07-30 18:33:37.367918,18.398037147502702,88.7359119910443,918.8431031755815
2021-07-30 18:34:37.433116,18.410803630663207,89.54438032545534,918.8739952440461
2021-07-30 18:35:37.508295,18.34970655260517,89.6423835338161,918.8915020066798
2021-07-30 18:36:37.574536,18.217513858424628,89.38927014444798,918.9127332945708
2021-07-30 18:37:37.643160,18.286161275947528,89.19115407853278,918.9182579888071
2021-07-30 18:38:37.718444,18.354641469383196,89.18285075225029,918.943665837785
2021-07-30 18:39:37.793087,18.32744251056057,89.32743867450206,918.8897595103055
2021-07-30 18:40:37.873102,18.029015606504643,90.72527114696099,918.8434421716149
2021-07-30 18:41:37.953144,18.38477555641494,89.29153215511943,918.7971370128201
2021-07-30 18:42:38.033106,18.340004311703897,90.58799399004943,918.794034107764
2021-07-30 18:43:38.113090,19.173694897533036,87.35738432183311,918.7897674284759
2021-07-30 18:44:38.193222,17.79006408659253,90.74397852568855,918.8466756137211
2021-07-30 18:45:38.273111,17.846541054037587,89.2882215436546,918.9445853665966
2021-07-30 18:46:38.353115,17.83003897394156,89.12233686260967,918.9476329683702
2021-07-30 18:47:38.433099,19.593106523214633,84.42728009538044,918.9088032145019
2021-07-30 18:48:38.507811,18.472396353797862,88.17769288788014,918.9573182444286
2021-07-30 18:49:38.573098,17.841156302952083,89.61153517446763,919.0360318063326
2021-07-30 18:50:38.647955,18.371339492699363,88.28921965547062,918.9042530064935
2021-07-30 18:51:38.710920,19.068691372022165,87.2217333145048,918.8459818260937
2021-07-30 18:52:38.778045,18.394569403365796,88.23039668821326,918.8366508908479
2021-07-30 18:53:38.843090,18.955051175441056,86.41401895485362,918.841724776427
2021-07-30 18:54:38.923091,19.126547322835208,86.29837165111631,918.8637402324302
2021-07-30 18:55:39.003114,18.306478794666212,88.39603102209239,918.9218714445431
2021-07-30 18:56:39.083114,18.255670049707867,88.25157284060693,918.9517038340657
2021-07-30 18:57:39.163268,18.347137095625328,88.56062552164225,918.9134998595797
2021-07-30 18:58:39.237954,18.216502600249655,88.02238315033358,919.0073196721552
2021-07-30 18:59:39.313239,17.73503686157068,90.70749767314943,919.0199332886633
2021-07-30 19:00:39.394390,17.984215541303,87.99728686824963,918.9148684809313
2021-07-30 19:01:39.463108,17.649710423921384,89.33168702311218,918.8673103275613
2021-07-30 19:02:39.543099,17.83373499808941,88.71878053798471,918.8217740690151
2021-07-30 19:03:39.623097,18.074014783318894,88.70072646253794,918.8082652667362
2021-07-30 19:04:39.703095,19.001434917242094,85.33671834015482,918.7327887219717
2021-07-30 19:05:39.783096,18.591867044818812,87.56427825173526,918.7699687091866
2021-07-30 19:06:39.859131,18.04184228127501,88.61296464232463,918.8361607347383
2021-07-30 19:07:39.923116,17.660617520764017,89.64650559436151,918.8099096459091
2021-07-30 19:08:39.997900,17.754988961496615,89.92208966929729,918.8877978890076
2021-07-30 19:09:40.063094,17.78689530648792,88.90591535608645,918.959537971859
2021-07-30 19:10:40.137825,17.668346858644743,88.5547346617071,919.029758194572
2021-07-30 19:11:40.203096,17.66611096060434,88.51061000181235,919.1013276625758
2021-07-30 19:12:40.279694,17.378253216822685,89.13693528068487,919.0588528833849
2021-07-30 19:13:40.343096,17.60813219156087,89.47302299573464,919.0348495922096
2021-07-30 19:14:40.417984,17.51290539238377,89.890451178836,918.9994304676801
2021-07-30 19:15:40.483070,17.615915530468172,90.14636190602988,919.0297498591776
2021-07-30 19:16:40.563246,17.978367093650213,87.43723405414781,918.9950305552948
2021-07-30 19:17:40.643088,17.612462419382197,89.05487032743206,919.0073432256675
2021-07-30 19:18:40.723663,17.65513498050727,89.92795324612688,919.0391551243024
2021-07-30 19:19:40.793090,17.127335521902182,90.78231189881404,919.0434829803037
2021-07-30 19:20:40.867993,17.672321721333088,89.01670542280377,919.024928987775
2021-07-30 19:21:40.927981,17.89763595039453,88.40461510647002,918.9652749064896
2021-07-30 19:22:41.013098,17.5829074077777,89.62918838795468,919.020974446596
2021-07-30 19:23:41.094253,17.459992150647597,91.1126943807356,918.9863752583864
2021-07-30 19:24:41.163104,17.941913385123687,88.4432875821513,918.9280231223908
2021-07-30 19:25:41.238597,17.558599900716494,89.59235095773012,918.9370779437046
2021-07-30 19:26:41.303094,17.469649279105752,90.93114261010996,918.9394502288824
2021-07-30 19:27:41.377838,17.584382277660563,90.60235492328766,918.8565207912044
2021-07-30 19:28:41.443102,17.549968133475645,90.39708058540819,918.8551571963061
2021-07-30 19:29:41.523960,17.092070463699187,91.43099371653186,918.8461068189059
2021-07-30 19:30:41.597956,17.585226564681054,90.51082678801694,918.8338259695395
2021-07-30 19:31:41.660940,17.155124756569663,92.02411108327381,918.8164926780047
2021-07-30 19:32:41.734604,17.454842988833814,91.37511413157002,918.8035794408524
2021-07-30 19:33:41.798113,17.085550201326228,92.00115526132451,918.8300036827859
2021-07-30 19:34:41.863109,17.19041633786718,91.33699824829864,918.8420194168607
2021-07-30 19:35:41.940407,17.011101247705785,91.17566918177415,918.8411872440012
2021-07-30 19:36:41.998572,17.292264308486775,90.66253363819668,918.8442202947278
2021-07-30 19:37:42.063113,16.738983854008136,91.24191457748465,918.8274801923868
2021-07-30 19:38:42.138966,16.421875679232603,93.4038144626907,918.7706682396681
2021-07-30 19:39:42.198786,16.631038985234213,93.35641781717011,918.8225486161416
2021-07-30 19:40:42.263096,17.374266758922477,90.61266148266343,918.8270167998426
2021-07-30 19:41:42.343103,16.87815558138459,92.14802334892016,918.8594007231227
2021-07-30 19:42:42.418448,16.40172242902253,94.98259961053024,918.8752073411971
2021-07-30 19:43:42.483120,16.72445599409957,93.15611093002485,918.8576872225829
2021-07-30 19:44:42.563111,16.848678666205657,92.48048818886105,918.8297065919172
2021-07-30 19:45:42.637878,16.97176578307069,92.26997482998621,918.8394417760142
2021-07-30 19:46:42.703092,16.623590538254454,92.8788685270235,918.858306222376
2021-07-30 19:47:42.783148,16.935033514094055,91.36376000229481,918.8795485434056
2021-07-30 19:48:42.858349,16.968726941001268,91.29832892678533,918.9534280695096
2021-07-30 19:49:42.923606,16.717415677880282,92.26164753099708,919.0390513877486
2021-07-30 19:50:43.003129,16.325863861206717,93.6598960459489,919.102600246438
2021-07-30 19:51:43.083105,16.851530495546193,92.45661561813469,919.0578320118761
2021-07-30 19:52:43.161658,17.1855236890312,91.5274614509571,919.0084233166527
2021-07-30 19:53:43.229589,17.31751285905825,90.77941250212601,918.9141275330829
2021-07-30 19:54:43.293212,16.757560405906155,92.27815435075516,918.8405042228243
2021-07-30 19:55:43.373096,16.3056210959107,94.79145150987542,918.7963210187871
2021-07-30 19:56:43.448431,16.335223132206167,94.89450800874495,918.8057159771676
2021-07-30 19:57:43.513130,16.159058914282568,95.08389364803128,918.8085854745409
2021-07-30 19:58:43.596067,16.805424507820575,93.06433564302102,918.7686215836274
2021-07-30 19:59:43.663171,16.520939203185986,94.57448300787966,918.7997352591051
2021-07-30 20:00:43.743103,17.350100435975804,92.14017496606556,918.7964752015998
2021-07-30 20:01:43.818536,17.483507742751247,92.46099070009289,918.8660007457199
2021-07-30 20:02:43.883098,17.246192254769962,92.56179399260579,918.8681130884319
2021-07-30 20:03:43.959423,17.205171315744593,92.47007161004242,918.8599877594929
2021-07-30 20:04:44.023094,16.78449113010093,94.05397480581988,918.7236220777407
2021-07-30 20:05:44.103101,17.446484632675503,92.66528489371389,918.5889921949868
2021-07-30 20:06:44.183095,18.982202832783674,87.47177732403918,918.4389569891538
2021-07-30 20:07:44.258656,18.300908117442336,89.17143310774813,918.4090932173702
2021-07-30 20:08:44.323072,17.50249503195685,91.91129064309723,918.5156667175365
2021-07-30 20:09:44.403098,17.57538477323151,92.33233046542114,918.5566849344257
2021-07-30 20:10:44.483107,16.97168691404955,95.46274284373084,918.6352856691396
2021-07-30 20:11:44.563150,16.648872238864108,95.46685224421957,918.743375774832
2021-07-30 20:12:44.643083,16.523881274953553,95.56692662975946,918.7701723386605
2021-07-30 20:13:44.723114,16.25885752508213,96.84095014978257,918.8313046296649
2021-07-30 20:14:44.803589,16.32120247447194,97.11268811135088,918.9079826628254
2021-07-30 20:15:44.868458,16.66831819055609,95.51958143545464,918.9558313507604
2021-07-30 20:16:44.933092,16.684254538478747,96.0888224895389,918.9728777315307
2021-07-30 20:17:45.013107,16.240329284983375,98.20092517346085,918.9479013763491
2021-07-30 20:18:45.093158,17.76180806928101,92.59536679722841,918.8556291106528
2021-07-30 20:19:45.168561,18.25840297478827,93.02342337107078,918.8267321805682
2021-07-30 20:20:45.233104,18.616399939636878,92.23598953376006,918.7990423778136
2021-07-30 20:21:45.313099,18.563698942373836,92.87265456763507,918.8329395922149
2021-07-30 20:22:45.393103,17.509133769368347,95.15101730313184,918.8688897965332
2021-07-30 20:23:45.469527,17.28678886532197,96.1610512326238,918.8786994620559
2021-07-30 20:24:45.527821,16.497891030278748,99.55377394136173,918.9334679349313
2021-07-30 20:25:45.593122,16.517556142903985,99.15564398942607,919.0233964656227
2021-07-30 20:26:45.668146,18.63301396391539,91.5876473923607,919.0004617575307
2021-07-30 20:27:45.733090,19.136096823669167,91.29415603343168,919.0752102870579
2021-07-30 20:28:45.813098,18.77988280341653,90.94723092129128,919.1042860961525
2021-07-30 20:29:45.893095,17.06098498084078,96.74546211735293,919.1470400770937
2021-07-30 23:36:15.567719,13.378288905217012,100.0,919.4235106041762
2021-07-30 23:37:15.657089,13.532531910202948,100.0,919.420128829214
2021-07-30 23:38:15.731804,12.985056344333255,100.0,919.4415690226444
2021-07-30 23:39:15.797091,12.750749251673868,100.0,919.4397828007636
2021-07-30 23:40:15.872053,12.795178522659135,100.0,919.3970610777466
2021-07-30 23:41:15.937101,13.275785918260926,100.0,919.3579463888152
2021-07-30 23:42:16.017962,13.628618235715926,100.0,919.3224017316543
2021-07-30 23:43:16.087108,13.368041035472334,100.0,919.3097244052944
2021-07-30 23:44:16.170297,13.443643021314058,100.0,919.3132475072696
2021-07-30 23:45:16.232939,13.871740216994095,100.0,919.2938547804761
2021-07-30 23:46:16.292061,13.93575843702677,100.0,919.291386257918
2021-07-30 23:47:16.357095,13.40262583381988,100.0,919.3074315869667
2021-07-30 23:48:16.427878,13.676823981164079,100.0,919.2767088698606
2021-07-30 23:49:16.492424,14.214337877645441,100.0,919.2861349550316
2021-07-30 23:50:16.557082,14.139281269970173,100.0,919.2653386542852
2021-07-30 23:51:16.637091,14.647083314065823,100.0,919.293989149633
2021-07-30 23:52:16.717116,14.623053293415882,100.0,919.2767923655654
2021-07-30 23:53:16.797092,14.38837789180868,100.0,919.2795186339239
2021-07-30 23:54:16.882511,14.126782410734547,100.0,919.2745137511578
2021-07-30 23:55:16.947083,13.803023607079815,100.0,919.257326273903
2021-07-30 23:56:17.027089,13.356925969478592,100.0,919.2692025936362
2021-07-30 23:57:17.108214,12.923258486654913,100.0,919.2658573984169
2021-07-30 23:58:17.177095,13.504665589628196,100.0,919.2253950046521
2021-07-30 23:59:17.257086,14.877685747454812,100.0,919.2366531998586
